0
0
0
0
0
9.99998
-7.80894
-7.54448
-7.84379
-8.06861
-5.13496
-7.84464
0
1.1135
0.744625
3.72907
1.36724
0.375429
0.621873
0.920209
3.97054
1.33033
0.830385
1.72914
1.25361
4.24953
1.41738
0.984385
4.46278
0.840878
4.16614
1.97329
1.37478
3.74933
1.57268
1.55235
0
0
0
0
0
0
1.25072
3.99372
1.95432
0.876573
4.26905
0.142377
3.87934
0.576023
0.709212
4.36881
0.933371
0.46521
-4.67551
-4.95599
-2.91347
-6.40188
-4.45459
-4.89494
0.892447
5.23779
0.677281
0.424781
0.55064
1.25409
4.17864
0.774498
0.368386
0.739661
0.897189
0.83091
1.4484
0.667007
1.63436
1.58769
2.65813
2.79055
1.10688
1.31309
1.08966
2.26156
1.01972
3.96043
0.365526
0.882776
1.06679
0.678245
4.14232
0.894597
3.94386
1.44379
1.27214
4.58246
1.65226
0.638319
1.62834
1.25402
4.86844
1.59491
1.01036
2.97809
1.18066
6.3778
1.59251
0.904409
4.16335
0.690577
5.65703
0.640618
2.21644
4.04898
1.03648
0.528729
1.26905
2.84174
4.53706
1.05297
1.29685
3.23367
0.707743
3.59377
0.93336
1.32802
5.00886
0.187689
3.21604
0.990055
0.912066
3.98213
0.708473
0.263282
-6.24933
-5.24867
-3.07016
-7.03248
-6.2866
-4.24679
1.15911
4.8542
0.70473
0.685906
0.773858
0.219337
4.57584
0.869784
0.434374
1.14721
0.946682
0.749305
0.408845
0.418255
0.737557
1.5422
1.23642
0.298165
0.244124
1.13707
1.32913
1.33674
0.492564
3.98931
2.13042
0.384378
0.94038
0.503031
1.77023
0.510623
1.57191
0.821216
0.568711
4.64942
0.991798
0.202843
1.4114
0.671251
5.34156
0.456038
0.369172
3.06574
0.562099
4.75402
1.09549
0.719294
3.74383
2.15059
3.61869
0.386188
0.395143
3.09376
2.97679
0.171884
0.668134
0.639435
4.47032
4.56733
0.483085
0.978517
0.503376
3.26898
2.15391
0.410733
0.772623
0.677261
3.12991
2.75012
0.421125
0.668582
0.830308
0.149938
-3.59307
-5.1905
-5.5558
-7.75471
-1.49739
-4.22384
0.530272
0.550345
0.681685
0.646061
0.580399
0.469813
0.387583
0.962697
0.475282
0.757553
0.290474
2.04614
0.554863
0.474303
0.54088
0.601958
3.73473
0.644425
0.760639
0.791353
0.592664
4.00676
0.47658
0.577917
0.53741
0.621362
3.18278
0.424812
0.599496
0.37811
0.419392
3.00711
0.611828
0.890597
0.62079
0.558189
2.7959
0.814834
0.612573
0.522037
0.676112
1.7203
0.325422
0.568811
0.421902
0.965796
3.25816
3.40597
0.350608
0.498052
0.769288
3.08071
3.47178
0.213422
0.12939
0.978199
2.04812
3.39465
0.367649
0.11951
0.314894
2.344
3.19222
0.151036
0.109505
0.386864
3.58906
2.98442
0.267675
-8.89813
0.34354
0.282492
-4.84259
-3.93996
-5.90082
-5.05664
-5.8462
-3.01269
0.300792
-5.77847
0.559185
0.525132
0.875785
1.04071
-6.18186
0.528833
0.453374
0.963555
0.722285
1.14012
0.278796
0.536327
0.400991
1.10234
0.392947
1.355
-0.165862
1.07018
1.54595
0.261063
2.63557
-6.86189
1.04652
1.45114
0.533247
0.839841
-7.45814
-7.45814
2.34967
0.51582
-5.75547
-8.33228
-7.71233
-8.33229
0.576693
-3.5048
-9.28211
-8.33229
-8.78424
-8.49906
2.24414
-9.19318
-9.50298
-9.41851
-9.65663
-9.28211
0
0
0
0
0
0
0
0
0
0
0
0
0.0556675
0
0
0.320271
0
0.165317
0
0
0
0
0
0
0
0
0
0
0
0
0
0
0
0
0
0
0
0
0
0
0
0
0
0
0
0
0
0
0
0
0
0
0
0
0
0
0
0
0
0
0
0
0
0
0
0
0
0
0
0
0
0
0
0
0
0
0
0
1.04579
0
0
0
0
0
0
0
0
0
0
0
0
0
0
0
0
0
0
0
0
0
0
0
0
0
0
0
0
1.525
0
0
0
0
0
0
1.55125
0
1.11878
1.525
0
0
0
0
1.525
0
0
0
0
1.525
0
0
0
0
0
0
0
0
0
0
0
0
0.5
0
0
0
0
0
0
0
0
0
0
0
0
0
0
0
0
0
0
0
0
0
0
0
0
0
0
0
0
0
0
0
0
0
0
0
0
0
0
0
0
0
0
0
0
1.5015
0
0
0
0
0
0
0
0
0
0
0
0
0
0
0
0
0
0
0
1.5
0
0
0
0
0
0
0
0
0
0
0
0
0
0
0
0
0
0
0
0
0
0
1.00131
0
0
0
0
0
0
0
0
0
0
1.16221
0
0
0
0
0
0
0
0
0
0
0
0
0
0
0
0
0
0
0
0
0
0
0
0
0
0
0
0
1.5
0
0
0
0
2.85903
0
0
0
0
0
0
0
0
0
0
0
0
0
1.11714
0
0
0
0
0
0
0
0
0
0
0
0.180547
0
0
0
0
0
0
0
0
0
1.09975
1.27567
1.05
1.08783
0
1.09975
2.27405
1.05
0
0
0
0
1.05
0
0
0
0
4.29985
0
0
0
0
4.29985
0
0
0
0
6.01199
0
0
0
0
0
0
0
0
0
0
0
0
0
0
0
0
0
0
0
0
0
0
14.4277
-1.05314
-1.87947
-1.73287
-2.23275
0
-1.3877
1.11335
0
0.589458
0
0.999993
0
0
0.708307
1.9
0
0.677547
1.00356
0.630764
0
0
0.693967
0
0
1
0
1.1761
1.00356
1.66186
0
0
0
0
0
0
0
0
1
0
0
0
0
1
0.675687
0
0
0.698022
1.74216
-0.837968
0
0.07116
0
-0.349739
-0.270877
1.1145
1.10088
0
0
1.19358
0
1.02625
0.586482
1.22596
0.729123
0
0
2.01755
2.69417
0.660583
1.69383
3.13791
0.698772
1.4059
0
1.34496
0
1.32767
0
0
0
0
0
0
0
0.643143
0
0.782852
0
0
1.16798
0
0
0
0
0.669622
2.44355
0
1.05125
0
0.552607
1.9475
0.575128
1.12226
0
0
1.025
0
0.718124
0
0
2.77775
0
0.718124
0
0
0
0.575128
0
2.07425
0
1.025
0.678878
0.686878
2.92647
1.11132
1.5726
-0.297696
-0.999306
0.147564
-0.735113
-0.498688
-0.297728
0
0
0
0
0
0
2.04757
0
0.588511
0
1.30022
0.692543
0
1.59486
2.99226
1.85248
1.34717
0.660807
1.52423
0.702272
0.732842
0
0.502375
0
0
0.61714
0.692543
0.587969
0
0
0
0.552013
0
0
0
0
0
0
2.11977
0.602378
0
0
0
0
0.642586
0
2.71285
0
0
0
0
0
0
0
0
0.551497
1.9015
0
0
0.598117
0
0
0
0
0.598117
0
0
1.02994
0.554625
0.57645
0
0
0.0299375
0
0
0
0
0
0
0
0
0
0.59875
0
0
0.653494
1.58362
0.607876
0
1.16291
0
1.21599
0
0.599939
0
1.13467
1.34151
0
0
0
2.08207
0
0
0.639795
1.16291
0
0
0.659611
0.525
1.975
0.5475
0.568094
0
0
0
0
0
0
0.5
0
0
0
0
0
1
0
0
0.500429
0
1.0003
1.0081
0
1.17848
0
2.14966
1.00365
0
0
0
1.0003
0
0
1.0566
0
0
0
1.46313
0.503387
0
0
0.0059077
-0.895012
-5.44812
0
0
0
0
-5.91078
0
0
0
0
0.516842
0
0
0
0
0
0
0
0
0
0
0
0
0
0
0
1
0
0
0
0
1
0
-0.5
0
0
0
0
-0.5
-0.5
0
0
-0.95
-0.5
0
-0.5
1
-0.95
-0.95
0
-1.7195
-0.5
0
0
0
0
0
0
0
0
0
0
0
0
0
0
0
0
0
0
0
0
0
0
0
0
0
0
0
0
0
0
0
0
0
0
0
0
0
0
0
0
0
0
0
0
0
0
0
0
0
0
0
0
0
0
0
0
0
0
0
0
0
0
0
0
0
0
0
0
0
0
0
0
0
0
0
0
0
0
0
0
0
0
0
0
0
0
0
0
0
0
0
0
0
0
0
0
0
0
0
0
0
0
0
0
0
0
0
0
0
0
0
0
0
0
0
0
0
0
0
0
0
0
0
0
0
0
0
0
0
0
0
0
0
0
0
0
0
0
0
0
0
0
0
0
0
0
0
0
0
0
0
0
0
0
0
0
0
0
0
0
0
0
0
0
0
0
0
0
0
0
0
0
0
0
0
0
0
0
0
0
0
0
0
0
0
0
0
0
0
0
0
0
0
0
0
0
0
0
0
0
0
0
0
0
0
0
0
0
0
0
0
0
0
0
0
0
0
0
0
0
0
0
0
0
0
0
0
0
0
0
0
0
0
0
0
0
0
0
0
0
0
0
0
0
0
0
0
0
0
0
0
0
0
0
0
0
0
0
0
0
0
0
0
0
0
0
0
0
0
0
0
0
0
0
0
0
0
0
0
0
0
0
0
0
0
0
0
0
0
0
0
0
0
0
0
0
0
0
0
0
0
0
0
0
0
0
0
0
0
0
0
0
0
0
0
0
0
0
0
0
0
0
0
0
0
0
0
0
0
0
0
0
0
0
0
0
0
0
0
0
0
0
0
0
0
0
0
0
0
0
0
0
0
0
